1.91285053
1.930949255
1.914791766
1.940428835
1.91285053
1.941747573
1.981728464
2.068894176
1.91285053
1.993183313
1.914975105
2.112110844
1.91285053
2.074516638
1.982671452
2.336940011
1.91285053
1.930949255
1.914791766
1.940428835
1.91285053
1.941747573
1.981728464
2.103314824
1.91285053
1.993183313
1.914975105
2.112110844
1.967613089
2.130651553
2.04156629
3.720099699
1.91285053
1.930949255
1.914791766
1.940428835
1.91285053
1.941747573
1.981728464
2.068979786
1.91285053
1.993183313
1.915011777
2.112110844
1.91285053
2.074516638
1.982710762
2.421893921
1.91285053
1.930949255
1.914791766
1.940428835
1.91285053
1.941747573
1.981728464
2.103314824
1.91285053
1.993183313
1.915011777
2.112110844
1.967613089
2.130742351
2.04156629
3.768181476
1.91285053
1.930949255
1.914791766
1.940428835
1.91285053
1.941747573
1.981728464
2.068894176
1.91285053
1.993183313
1.914975105
2.141602776
1.91285053
2.074516638
1.982671452
2.363730913
1.91285053
1.930949255
1.914791766
1.940428835
1.91285053
1.941747573
1.981728464
2.103314824
1.91285053
1.993183313
1.914975105
2.141602776
1.967613089
2.130878561
2.04156629
3.728977887
1.91285053
1.930949255
1.914791766
1.940428835
1.91285053
1.941747573
1.981728464
2.068894176
1.91285053
1.993183313
1.914975105
2.141602776
1.91285053
2.074516638
1.982671452
2.510229184
1.91285053
1.930949255
1.914791766
1.940428835
1.91285053
1.941747573
1.981728464
2.103314824
1.91285053
1.993183313
1.914975105
2.141694509
1.967535662
2.130651553
2.041482933
3.877020897
2.041482933
2.130651553
1.967535662
2.141694509
1.914975105
1.993183313
1.91285053
2.103314824
1.981728464
1.941747573
1.91285053
1.940428835
1.914791766
1.930949255
1.91285053
2.510229184
1.982671452
2.074516638
1.91285053
2.141602776
1.914975105
1.993183313
1.91285053
2.068894176
1.981728464
1.941747573
1.91285053
1.940428835
1.914791766
1.930949255
1.91285053
3.728977887
2.04156629
2.130878561
1.967613089
2.141602776
1.914975105
1.993183313
1.91285053
2.103314824
1.981728464
1.941747573
1.91285053
1.940428835
1.914791766
1.930949255
1.91285053
2.363730913
1.982671452
2.074516638
1.91285053
2.141602776
1.914975105
1.993183313
1.91285053
2.068894176
1.981728464
1.941747573
1.91285053
1.940428835
1.914791766
1.930949255
1.91285053
3.768181476
2.04156629
2.130742351
1.967613089
2.112110844
1.915011777
1.993183313
1.91285053
2.103314824
1.981728464
1.941747573
1.91285053
1.940428835
1.914791766
1.930949255
1.91285053
2.421893921
1.982710762
2.074516638
1.91285053
2.112110844
1.915011777
1.993183313
1.91285053
2.068979786
1.981728464
1.941747573
1.91285053
1.940428835
1.914791766
1.930949255
1.91285053
3.720099699
2.04156629
2.130651553
1.967613089
2.112110844
1.914975105
1.993183313
1.91285053
2.103314824
1.981728464
1.941747573
1.91285053
1.940428835
1.914791766
1.930949255
1.91285053
2.336940011
1.982671452
2.074516638
1.91285053
2.112110844
1.914975105
1.993183313
1.91285053
2.068894176
1.981728464
1.941747573
1.91285053
1.940428835
1.914791766
1.930949255
1.91285053
3.877020897
